7	ゾンビ	5	20	12	10	14	10	13	10	4	20	2
8	ゴブリン	6	25	14	16	22	12	14	14	4	28	2
9	ゴリラ	6	24	12	16	20	14	18	14	4	28	2
10	魔女	7	27	16	20	22	16	20	16	5	28	2
11	ラオニデ	7	27	20	22	20	16	22	18	4	28	2
12	ゾモンビレズ	8	30	22	24	24	20	22	20	5	32	2
13	サソリ	8	30	20	20	22	24	26	15	5	32	2
14	Boss	10	33	25	25	17	25	28	19	7	40	2
15	death001											3
16	hone											3
17	m_0007											3
18	m003											3
19	m005											3
20	m010											3
21	m013											3
22	Boss											3
23	werewolf1											4
24	monsterc10											4
25	m_0031											4
26	horse_robot08											4
27	boss (1)											4
28	boss (2)											4
29	fairy008											5
30	monster035											5
31	monster074											5
32	monster081											5
33	monster083											5
34	nike002											5
35	nike008											5
36	Boss											5
37												6
38												6
39												6
40												6
41												6
42												6
43												6
44												6
45												6
